%YAML:1.0

cam0:
  T_imu_cam:
    - [0.002253439710588965, 0.9999943321192303, -0.002501547298135557, -0.0008954449187114754]
    - [0.9999954056051955, -0.0022584999544162172, -0.0020218670717360755, -0.08544219010498129]
    - [-0.00202750535649339, -0.002496979649490666, -0.9999948271439502, -0.04284073697140713]
    - [0.0, 0.0, 0.0, 1.0]
  cam_overlaps: []
  camera_model: pinhole
  distortion_coeffs: [-0.24439499055981798, 0.060387363499591645, -0.047145030923088284, 0.028481500255160167]
  distortion_model: equidistant
  intrinsics: [643.3565596002488, 641.8884559675336, 631.1004096866328, 460.5252173393326]
  resolution: [1280, 800]
  rostopic: rpi_camera_down/image_raw
  timeshift_cam_imu: -0.009590876039095163
