image_width: 1280
image_height: 800
camera_name: front
camera_matrix:
  rows: 3
  cols: 3
  data: [639.4294453158003, 0, 584.5764611078239, 0, 624.5819783768287, 400.60114782492695,
    0, 0, 1.0]
rectification_matrix:
  rows: 3
  cols: 3
  data: [1.0, 0.0, 0.0, 0.0, 1.0, 0.0, 0.0, 0.0, 1.0]
distortion_model: plumb_bob
distortion_coefficients:
  rows: 1
  cols: 5
  data: [-0.32882765333561764, 0.05900047009289385, -0.00584049224742685, 0.002018798552132548,
    0.0]
projection_matrix:
  rows: 3
  cols: 4
  data: [358.827392578125, 0.0, 616.2621249495714, 0.0, 0.0, 336.5147705078125, 382.46793149149744,
    0.0, 0.0, 0.0, 1.0, 0.0]
