%YAML:1.0

cam0:
  T_imu_cam: #rotation from camera to IMU R_CtoI, position of camera in IMU p_CinI
    - [1, 0, 0, 0]
    - [0, 1, 0, 0]
    - [0, 0, 1, 0.007]
    - [0.0, 0.0, 0.0, 1.0]
  # cam_overlaps: [0]
  # camera_model: pinhole
  # distortion_coeffs: [-0.007054279635535503,-0.013010999471709818,0.007672805064263297,-0.0034608152598251778]
  # distortion_model: equidistant
  # intrinsics: [218.62328342963636,218.84544019573178, 374.186243114997, 203.57046644527676] #fu, fv, cu, cv
  # resolution: [752, 480]
  cam_overlaps: [0]
  camera_model: pinhole
  distortion_coeffs: [-0.0020185826390537016, -0.007688770893251915, -0.00038959270343207655, -0.000465249856733856]
  distortion_model: equidistant
  intrinsics: [217.88521402620648, 217.7127565041609, 392.36434593680553, 218.27079698259612]
  resolution: [752, 480]
  rostopic: bluefox/image_raw
